15
197
2563
2217
5495
1453
3339
4529
4447
3381
5075
3769
2343
7133
7195
225
2927
6949
4803
233
3031
525
6827
3217
2943
7157
7507
4281
1223
349
4539
4577
5071
3717
1667
6121
1815
269
3499
6609
383
4981
2547
2009
2791
5181
5147
4705
6735
2021
2947
7209
407
5293
6603
305
3967
4917
1715
6745
2151
4637
5851
6081
1295
1285
1155
7241
823
2925
6923
4465
3615
341
4435
3225
3047
733
1755
7265
1135
6981
5219
5641
3351
4685
6475
6417
5663
3637
627
377
4903
1533
4379
2497
1359
2117
4195
105
1367
2221
5547
2129
4351
2133
4403
2809
5415
413
5371
7617
5711
4261
963
4745
7255
1005
5291
6577
7743
7349
2227
5625
3143
1981
2427
449
5839
5925
7043
6025
567
7373
2539
1905
1439
3157
2163
4793
103
1341
1883
1153
7215
485
6307
4233
599
13
171
2225
5599
2805
5363
7513
4359
2237
5755
4833
623
325
4227
521
6775
2541
1931
1777
7551
4853
883
3705
1511
4093
6555
7457
3631
549
7139
7273
1239
557
7243
849
3263
3541
7155
7481
3943
4605
5435
673
975
4901
1507
4041
5879
6445
6027
593
7711
6933
4595
5305
6759
2333
7003
5505
1583
5029
3171
2345
7159
7533
4619
5617
3039
629
403
5241
5927
7069
6363
4961
2287
6405
5507
1609
5367
7565
5035
3249
3359
4789
51
665
871
3549
7259
1057
5967
7589
5347
7305
1655
5965
7563
5009
2911
6741
2099
3961
4839
701
1339
1857
815
2821
5571
2441
631
429
5579
2545
1983
2453
787
2457
839
3133
1851
737
1807
165
2147
4585
5175
5069
3691
1329
1727
6901
4179
7673
6439
5949
7355
2305
6639
773
2275
6249
3479
6349
4779
7697
6751
2229
5651
3481
6375
5117
4315
1665
6095
1477
3651
809
2743
4557
4811
337
4383
2549
2035
3129
1799
61
795
2561
2191
5157
4835
649
663
845
3211
2865
6143
2101
3987
5177
5095
4029
5723
4417
2991
5
67
873
3575
7597
5451
881
3679
1173
7475
3865
3591
29
379
4929
1871
997
5187
5225
5719
4365
2315
6769
2463
917
4147
7257
1031
5629
3195
2657
3439
5829
5795
5353
7383
2669
3595
81
1055
5941
7251
953
4615
5565
2363
7393
2799
5285
6499
6729
1943
1933
1803
113
1471
3573
7571
5113
4263
989
5083
3873
3695
1381
2403
137
1783
7629
5867
6289
3999
5333
7123
7065
6311
4285
1275
1025
5551
2181
5027
3145
2007
2765
4843
753
2015
2869
6195
2777
4999
2781
5051
3457
6063
1061
6019
489
6359
4909
1611
5393
127
1653
5939
7225
615
221
2875
6273
3791
2629
3075
1097
6487
6573
7691
6673
1215
245
3187
2553
2087
3805
2811
5441
751
1989
2531
1801
87
1133
6955
4881
1247
661
819
2873
6247
3453
6011
385
5007
2885
6403
5481
1271
973
4875
1169
7423
3189
2579
2425
423
5501
1531
4353
2159
4741
7203
329
4279
1197
11
145
1887
1205
115
1497
3911
4189
27
353
4591
5253
6083
1321
1623
5549
2155
4689
6527
7093
6675
1241
583
7581
5243
5953
7407
2981
7651
6153
2231
5677
3819
2993
31
405
5267
6265
3687
1277
1051
5889
6575
7717
7011
5609
2935
7053
6155
2257
6015
437
5683
3897
4007
5437
699
1313
1519
4197
131
1705
6615
461
5995
177
2303
6613
435
5657
3559
7389
2747
4609
5487
1349
1987
2505
1463
3469
6219
3089
1279
1077
6227
3193
2631
3101
1435
3105
1487
3781
2499
1385
2455
813
2795
5233
5823
5717
4339
1977
2375
7549
4827
545
7087
6597
227
2953
7287
1421
2923
6897
4127
6997
5427
569
7399
2877
6299
4129
7023
5765
4963
2313
6743
2125
4299
1457
3391
5205
5459
985
5031
3197
2683
3777
2447
709
1443
3209
2839
5805
5483
1297
1311
1493
3859
3513
6791
2749
4635
5825
5743
4677
6371
5065
3639
653
715
1521
4223
469
6099
1529
4327
1821
347
4513
4239
677
1027
5577
2519
1645
5835
5873
6367
5013
2963
7417
3111
1565
4795
129
1679
6277
3843
3305
4087
6477
6443
6001
255
3317
4243
729
1703
6589
123
1601
5263
6213
3011
265
3447
5933
7147
7377
2591
2581
2451
761
2119
4221
443
5761
4911
1637
5731
4521
4343
2029
3051
785
2431
501
6515
6937
4647
5981
7771
7713
6959
4933
1923
1673
6199
2829
5675
3793
2655
3413
5491
1401
2663
3517
6843
3425
5647
3429
5699
4105
6711
1709
6667
1137
7007
5557
2259
6041
775
2301
6587
97
1263
869
3523
6921
4439
3277
3723
1745
7135
7221
563
7321
1863
893
3835
3201
2735
4453
3459
6089
1399
2637
3179
2449
735
1781
7603
5529
1895
1309
1467
3521
6895
4101
6659
1033
5655
3533
7051
6129
1919
1621
5523
1817
295
3837
3227
3073
1071
6149
2179
5001
2807
5389
75
977
4927
1845
659
793
2535
1853
763
2145
4559
4837
675
1001
5239
5901
6731
1969
2271
6197
2803
5337
7175
7741
7323
1889
1231
453
5891
6601
279
3629
523
6801
2879
6325
4467
3641
679
1053
5915
6913
4335
1925
1699
6537
7223
589
7659
6257
3583
7701
6803
2905
6663
1085
6331
4545
4655
6085
1347
1961
2167
4845
779
2353
7263
1109
6643
825
2951
7261
1083
6305
4207
261
3395
5257
6135
1997
2635
3153
2111
4117
6867
3737
1927
1725
6875
3841
3279
3749
2083
3753
2135
4429
3147
2033
3103
1461
3443
5881
6471
6365
4987
2625
3023
421
5475
1193
7735
7245
875
3601
159
2069
3571
7545
4775
7645
6075
1217
271
3525
6947
4777
7671
6413
5611
2961
7391
2773
4947
2105
4039
5853
6107
1633
5679
3845
3331
4425
3095
1357
2091
3857
3487
6453
6131
1945
1959
2141
4507
4161
7439
3397
5283
6473
6391
5325
7019
5713
4287
1301
1363
2169
4871
1117
6747
2177
4975
2469
995
5161
4887
1325
1675
6225
3167
2293
6483
6521
7015
5661
3611
289
3759
2213
5443
777
2327
6925
4491
3953
4735
7125
7091
6649
903
3965
4891
1377
2351
7237
771
2249
5911
6861
3659
913
4095
6581
19
249
3239
3229
3099
1409
2767
4869
1091
6409
5559
2285
6379
5169
4991
2677
3699
1433
3079
1149
7163
7585
5295
6629
643
585
7607
5581
2571
2321
6847
3477
6323
4441
3303
4061
6139
2049
3311
4165
7491
4073
6295
4077
6347
4753
7359
2357
7315
1785
7655
6205
2907
6689
1423
2949
7235
745
1911
1517
4171
7569
5087
3925
4371
2393
7
93
1211
193
2511
1541
4483
3849
3383
5101
4107
6737
2047
3285
3827
3097
1383
2429
475
6177
2543
1957
2115
4169
7543
4749
7307
1681
6303
4181
7699
6777
2567
2269
6171
2465
943
4485
3875
3721
1719
6797
2827
5649
3455
6037
723
1625
5575
2493
1307
1441
3183
2501
1411
2793
5207
5485
1323
1649
5887
6549
7379
2617
2919
6845
3451
5985
47
613
195
2537
1879
1101
6539
7249
927
4277
1171
7449
3527
6973
5115
4289
1327
1701
6563
7561
4983
2573
2347
7185
95
1237
531
6905
4231
573
7451
3553
7311
1733
6979
5193
5303
6733
1995
2609
2815
5493
1427
3001
135
1757
7291
1473
3599
133
1731
6953
4855
909
4043
5905
6783
2645
3283
3801
2759
4765
7515
4385
2575
2373
7523
4489
3927
4397
2731
4401
2783
5077
3795
2681
3751
2109
4091
6529
7119
7013
5635
3273
3671
1069
6123
1841
607
117
1523
4249
807
2717
4219
417
5423
517
6723
1865
919
4173
7595
5425
543
7061
6259
3609
263
3421
5595
2753
4687
6501
6755
2281
6327
4493
3979
5073
3743
2005
2739
4505
4135
7101
6779
2593
2607
2789
5155
4809
311
4045
5931
7121
7039
5973
7667
6361
4935
1949
2011
2817
5519
1765
7395
2825
5623
3117
1643
5809
5535
1973
2323
6873
3815
2941
7131
7169
7663
6309
4259
937
4407
2861
6091
1425
2975
7573
5139
4601
5383
7773
7739
7297
1551
4613
5539
2025
2999
109
1419
2897
6559
7509
4307
1561
4743
7229
667
897
3887
3877
3747
2057
3415
5517
1739
7057
6207
2933
7027
5817
5639
3325
4347
2081
3727
1797
35
457
5943
7277
1291
1233
479
6229
3219
2969
7495
4125
6971
5089
3951
4709
6787
2697
3959
4813
363
4721
6943
4725
6995
5401
231
3005
187
2433
527
6853
3555
7337
2071
3597
107
1393
2559
2165
4819
441
5735
4573
5019
3041
655
741
1859
841
3159
2189
5131
4497
4031
5749
4755
7385
2695
3933
4475
3745
2031
3077
1123
6825
3191
2605
2763
4817
415
5397
179
2329
6951
4829
571
7425
3215
2917
6819
3113
1591
5133
4523
4369
2367
7445
3475
6297
4103
6685
1371
2273
6223
3141
1955
2089
3831
3149
2059
3441
5855
6133
1971
2297
6535
7197
251
3265
3567
7493
4099
6633
695
1261
843
3185
2527
1749
7187
121
1575
4925
1819
321
4175
7621
5763
4937
1975
2349
7211
433
5631
3221
2995
57
743
1885
1179
7553
4879
1221
323
4201
183
2381
7627
5841
5951
7381
2643
3257
3463
6141
2075
3649
783
2405
163
2121
4247
781
2379
7601
5503
1557
4691
6553
7431
3293
3931
4449
3407
5413
387
5033
3223
3021
395
5137
4575
5045
3379
5049
3431
5725
4443
3329
4399
2757
4739
7177
7767
7661
6283
3921
4319
1717
6771
2489
1255
765
2171
4897
1455
3365
4867
1065
6071
1165
7371
2513
1567
4821
467
6073
1191
7709
6907
4257
911
4069
6243
3401
5335
7149
7403
2929
6975
5141
4627
5721
4391
2653
3387
5153
4783
7749
7427
3241
3255
3437
5803
5457
959
4693
6579
7769
7687
6621
539
7009
5583
2597
2659
3465
6167
2413
267
3473
6271
3765
2291
6457
6183
2621
2971
7521
4463
3589
3
41
535
6957
4907
1585
5055
3509
6739
2073
3623
445
5787
5249
6031
645
611
169
2199
5261
6187
2673
3647
757
2067
3545
7207
381
4955
2209
5391
101
1315
1545
4535
4525
4395
2705
4063
6165
2387
7705
6855
3581
7675
6465
6287
3973
4995
2729
4375
2445
683
1105
6591
149
1939
1881
1127
6877
3867
3617
367
4773
7619
5737
4599
5357
7435
3345
4607
5461
1011
5369
7591
5373
7643
6049
879
3653
835
3081
1175
7501
4203
209
2719
4245
755
2041
3207
2813
5467
1089
6383
5221
5667
3689
1303
1389
2507
1489
3807
2837
5779
5145
4679
6397
5403
257
3343
4581
5123
4393
2679
3725
1771
7473
3839
3253
3411
5465
1063
6045
827
2977
7599
5477
1219
297
3863
3565
7467
3761
2239
5781
5171
5017
3015
317
4123
6945
4751
7333
2019
2921
6871
3789
2603
2737
4479
3797
2707
4089
6503
6781
2619
2945
7183
69
899
3913
4215
365
4747
7281
1343
1909
1491
3833
3175
2397
59
769
2223
5573
2467
969
4823
493
6411
5585
2623
2997
83
1081
6279
3869
3643
705
1391
2533
1827
425
5527
1869
971
4849
831
3029
499
6489
6599
253
3291
3905
4111
6789
2723
4297
1431
3053
811
2769
4895
1429
3027
473
6151
2205
5339
7201
303
3941
4579
5097
4055
6061
1035
5681
3871
3669
1043
5785
5223
5693
4027
5697
4079
6373
5091
3977
5047
3405
5387
49
639
533
6931
4569
4967
2365
7419
3137
1903
1413
2819
5545
2103
4013
5515
1713
6719
1813
243
3161
2215
5469
1115
6721
1839
581
7555
4905
1559
4717
6891
4049
5983
21
275
3577
7623
5789
5275
6369
5039
3301
4035
5801
5431
621
299
3889
3903
4085
6451
6105
1607
5341
7227
641
559
7269
1187
7657
6231
3245
3307
4113
6815
3061
915
4121
6919
4413
2939
7105
6831
3269
3619
393
5111
4237
651
689
1183
7605
5555
2233
5703
4157
7387
2721
4271
1093
6435
5897
6679
1293
1259
817
2847
5909
6835
3321
4295
1405
2715
4193
79
1029
5603
2857
6039
749
1963
2193
5183
5173
5043
3353
4711
6813
3035
577
7503
4229
547
7113
6935
4621
5643
3377
5023
3093
1331
1753
7239
797
2587
2529
1775
7525
4515
4265
1015
5421
491
6385
5247
6005
307
3993
5255
6109
1659
6017
463
6021
515
6697
1527
4301
1483
3729
1823
373
4851
857
3367
4893
1403
2689
3855
3461
6115
1737
7031
5869
6315
4337
1951
2037
3155
2137
4455
3485
6427
5793
5327
7045
6051
905
3991
5229
5771
5041
3327
4373
2419
345
4487
3901
4059
6113
1711
6693
1475
3625
471
6125
1867
945
4511
4213
339
4409
2887
6429
5819
5665
3663
965
4771
7593
5399
205
2667
3569
7519
4437
3251
3385
5127
4445
3355
4737
7151
7429
3267
3593
55
717
1547
4561
4863
1013
5395
153
1991
2557
2139
4481
3823
3045
707
1417
2871
6221
3115
1617
5471
1141
7059
6233
3271
3645
731
1729
6927
4517
4291
1353
2039
3181
2475
1073
6175
2517
1619
5497
1479
3677
1147
7137
7247
901
3939
4553
4759
7437
3371
4945
2079
3701
1459
3417
5543
2077
3675
1121
6799
2853
5987
73
951
4589
5227
5745
4703
6709
1683
6329
4519
4317
1691
6433
5871
6341
4675
6345
4727
7021
5739
4625
5695
4053
6035
697
1287
1181
7579
5217
5615
3013
291
3785
2551
2061
3467
6193
2751
4661
6163
2361
7367
2461
891
3809
2863
6117
1763
7369
2487
1229
427
5553
2207
5365
7539
4697
6631
669
923
4225
495
6437
5923
7017
5687
3949
4683
6449
6079
1269
947
4537
4551
4733
7099
6753
2255
5989
99
1289
1207
141
1835
529
6879
3893
3955
4761
7463
3709
1563
4769
7567
5061
3587
7753
7479
3917
4267
1041
5759
4885
1299
1337
1831
477
6203
2881
6351
4805
259
3369
4919
1741
7083
6545
7327
1941
1907
1465
3495
6557
7483
3969
4943
2053
3363
4841
727
1677
6251
3505
6687
1397
2611
2841
5831
5821
5691
4001
5359
7461
3683
1225
375
4877
1195
7761
7583
5269
6291
4025
5671
3741
1979
2401
111
1445
3235
3177
2423
397
5163
4913
1663
6069
1139
7033
5895
6653
955
4641
5903
6757
2307
6665
1111
6669
1163
7345
2175
4949
2131
4377
2471
1021
5499
1505
4015
5541
2051
3337
4503
4109
6763
2385
7679
6517
6963
4985
2599
2685
3803
2785
5103
4133
7075
6441
5975
7693
6699
1553
4639
5877
6419
5689
3975
5021
3067
993
5135
4549
4707
6761
2359
7341
2123
4273
1119
6773
2515
1593
5159
4861
987
5057
3535
7077
6467
6313
4311
1613
5419
465
6047
853
3315
4217
391
5085
3899
4033
5775
5093
4003
5385
23
301
3915
4241
703
1365
2195
5209
5511
1661
6043
801
2639
3205
2787
5129
4471
3693
1355
2065
3519
6869
3763
2265
6119
1789
7707
6881
3919
4293
1379
2377
7575
5165
4939
2001
2687
3829
3123
1721
6823
3165
2267
6145
2127
4325
1795
9
119
1549
4587
5201
5407
309
4019
5593
2727
4349
2107
4065
6191
2725
4323
1769
7447
3501
6635
721
1599
5237
5875
6393
5351
7357
2331
6977
5167
4965
2339
7081
6519
6989
5323
6993
5375
7669
6387
5273
6343
4701
6683
1345
1935
1829
451
5865
6263
3661
939
4433
3199
2709
4115
6841
3399
5309
6811
3009
239
3109
1539
4457
3511
6765
2411
241
3135
1877
1075
6201
2855
6013
411
5345
7279
1317
1571
4873
1143
7085
6571
7665
6335
4597
5331
7097
6727
1917
1595
5185
5199
5381
7747
7401
2903
6637
747
1937
1855
789
2483
1177
7527
4541
4603
5409
335
4357
2211
5417
439
5709
4235
625
351
4565
4915
1689
6407
5533
1947
1985
2479
1125
6851
3529
6999
5453
907
4017
5567
2389
7731
7193
199
2589
2555
2113
4143
7205
355
4617
5591
2701
4011
5489
1375
2325
6899
4153
7335
2045
3259
3489
6479
6469
6339
4649
6007
333
4331
1873
1023
5525
1843
633
455
5917
6939
4673
6319
4389
2627
3049
759
2093
3883
3825
3071
1045
5811
5561
2311
6717
1787
7681
6543
7301
1603
5289
6551
7405
2955
7313
1759
7317
1811
217
2823
5597
2779
5025
3119
1669
6147
2153
4663
6189
2699
3985
5151
4757
7411
3033
551
7165
7611
5633
3247
3333
4451
3433
5751
4781
7723
7089
6623
565
7347
2201
5287
6525
7067
6337
4623
5669
3715
1641
5783
5197
5355
7409
3007
213
2771
4921
1767
7421
3163
2241
5807
5509
1635
5705
4183
7725
7115
6961
4959
2261
6067
1113
6695
1501
3963
4865
1039
5733
4547
4681
6423
5741
4651
6033
671
949
4563
4889
1351
2013
2843
5857
6159
2309
6691
1449
3287
3853
3435
5777
5119
4341
2003
2713
4167
7517
4411
2913
6767
2437
579
7529
4567
4941
2027
3025
447
5813
5587
2649
3335
4477
3771
2369
7471
3813
2915
6793
2775
4973
2443
657
767
2197
5235
5849
6055
957
4667
6241
3375
4997
2755
4713
6839
3373
4971
2417
319
4149
7283
1369
2247
5885
6523
7041
5999
229
2979
7625
5815
5613
2987
7729
7167
7637
5971
7641
6023
541
7035
5921
6991
5349
7331
1993
2583
2477
1099
6513
6911
4309
1587
5081
3847
3357
4763
7489
4047
5957
7459
3657
887
3757
2187
5105
4159
7413
3059
889
3783
2525
1723
6849
3503
6661
1059
5993
151
1965
2219
5521
1791
7733
7219
537
6983
5245
5979
7745
7375
2565
2243
5833
5847
6029
619
273
3551
7285
1395
2585
2503
1437
3131
1825
399
5189
5251
6057
983
5005
2859
6065
1087
6357
4883
1273
999
5213
5563
2337
7055
6181
2595
2633
3127
1773
7499
4177
7647
6101
1555
4665
6215
3037
603
65
847
3237
3203
2761
4791
77
1003
5265
6239
3349
4659
6137
2023
2973
7547
4801
207
2693
3907
4137
7127
7117
6987
5297
6655
981
4979
2521
1671
6173
2491
1281
1103
6565
7587
5321
6967
5037
3275
3697
1407
2741
4531
4473
3719
1693
6459
6209
2959
7365
2435
553
7191
173
2251
5937
7199
277
3603
185
2407
189
2459
865
3471
6245
3427
5673
3767
2317
6795
2801
5311
6837
3347
4633
5799
5405
283
3681
1199
37
483
6281
3895
3981
5099
4081
6399
5429
595
7737
7271
1213
219
2849
5935
7173
7715
6985
5271
6317
4363
2289
6431
5845
6003
281
3655
861
3419
5569
2415
293
3811
2889
6455
6157
2283
6353
4831
597
7763
7609
5607
2909
6715
1761
7343
2149
4611
5513
1687
6381
5195
5329
7071
6389
5299
6681
1319
1597
5211
5537
1999
2661
3491
6505
6807
2957
7339
2097
3935
4501
4083
6425
5767
4989
2651
3361
4815
389
5059
3561
7415
3085
1227
401
5215
5589
2675
3673
1095
6461
6235
3297
3983
5125
4419
3017
343
4461
3563
7441
3423
5621
3091
1305
1415
2845
5883
6497
6703
1605
5315
6889
4023
5645
3403
5361
7487
4021
5619
3065
967
4797
155
2017
2895
6533
7171
7689
6647
877
3627
497
6463
6261
3635
601
39
509
6619
513
6671
1189
7683
6569
7639
5997
203
2641
3231
3125
1747
7161
7559
4957
2235
5729
4495
4005
5411
361
4695
6605
331
4305
1535
4405
2835
5753
4807
285
3707
1537
4431
3173
2371
7497
4151
7309
1707
6641
799
2613
2867
6169
2439
605
91
1185
7631
5893
6627
617
247
3213
2891
6481
6495
6677
1267
921
4199
157
2043
3233
3151
2085
3779
2473
1047
5837
5899
6705
1631
5653
3507
6713
1735
7005
5531
1921
1647
5861
6211
2985
7703
6829
3243
3281
3775
2421
371
4825
519
6749
2203
5313
6863
3685
1251
713
1495
3885
3851
3409
5439
725
1651
5913
6887
3997
5307
6785
2671
3621
419
5449
855
3341
4555
4785
7775
7765
7635
5945
7303
1629
5627
3169
2319
6821
3139
1929
1751
7213
459
5969
7615
5685
3923
4345
2055
3389
5179
5121
4367
2341
7107
6857
3607
237
3083
1201
63
821
2899
6585
71
925
4251
833
3055
837
3107
1513
4119
6893
4075
6321
4415
2965
7443
3449
5959
7485
3995
5281
6447
6053
931
4329
1847
685
1131
6929
4543
4629
5747
4729
7047
6077
1243
609
143
1861
867
3497
6583
45
587
7633
5919
6965
5011
2937
7079
6493
6651
929
4303
1509
4067
6217
3063
941
4459
3537
7103
6805
2931
7001
5479
1245
635
481
6255
3557
7363
2409
215
2797
5259
6161
2335
7029
5843
5977
7719
7037
5947
7329
1967
2245
5859
6185
2647
3309
4139
7153
7455
3605
211
2745
4583
5149
4731
7073
6415
5637
3299
4009
5463
1037
5707
4209
287
3733
1875
1049
5863
6237
3323
4321
1743
7109
6883
3945
4631
5773
5067
3665
991
5109
4211
313
4071
6269
3739
1953
2063
3493
6531
7145
7351
2253
5963
7537
4671
6293
4051
6009
359
4669
6267
3713
1615
5445
803
2665
3543
7181
43
561
7295
1525
4275
1145
7111
6909
4283
1249
687
1157
7267
1161
7319
1837
555
7217
511
6645
851
3289
3879
3773
2395
33
431
5605
2883
6377
5143
4653
6059
1009
5343
7253
979
4953
2183
5053
3483
6401
5455
933
4355
2185
5079
3821
3019
369
4799
181
2355
7289
1447
3261
3515
6817
3087
1253
739
1833
503
6541
7275
1265
895
3861
3539
7129
7143
7325
1915
1569
4847
805
2691
3881
3799
2733
4427
3121
1695
6485
6547
7353
2279
6301
4155
7361
2383
7653
6179
2569
2295
6509
6859
3633
575
7477
3891
3929
4423
3069
1019
5473
1167
7397
2851
5961
7511
4333
1899
1361
2143
4533
4499
4057
6087
1373
2299
6561
7535
4645
5955
7433
3319
4269
1067
6097
1503
3989
5203
5433
647
637
507
6593
175
2277
6275
3817
2967
7469
3787
2577
2399
85
1107
6617
487
6333
4571
4993
2703
4037
5827
5769
5015
2989
7755
7505
4255
885
3731
1849
711
1469
3547
7233
719
1573
4899
1481
3703
1485
3755
2161
4767
7541
4723
6969
5063
3613
315
4097
6607
357
4643
5929
7095
6701
1579
4977
2495
1333
1779
7577
5191
5277
6395
5377
7695
6725
1891
1257
791
2509
1515
4145
7231
693
1235
505
6567
7613
5659
3585
7727
7141
7299
1577
4951
2157
4715
6865
3711
1589
5107
4185
7751
7453
3579
7649
6127
1893
1283
1129
6903
4205
235
3057
863
3445
5907
6809
2983
7677
6491
6625
591
7685
6595
201
2615
2893
6507
6833
3295
3957
4787
25
327
4253
859
3393
5231
5797
5379
7721
7063
6285
3947
4657
6111
1685
6355
4857
935
4381
2523
1697
6511
6885
3971
4969
2391
7757
7531
4593
5279
6421
5715
4313
1639
5757
4859
961
4719
6917
4387
2601
2711
4141
7179
17
223
2901
6611
409
5319
6941
4699
6657
1007
5317
6915
4361
2263
6093
1451
3313
4191
53
691
1209
167
2173
4923
1793
7759
7557
4931
1897
1335
1805
139
1809
191
2485
1203
89
1159
7293
1499
3937
4527
4421
3043
681
1079
6253
3531
7025
5791
5301
6707
1657
5991
125
1627
5601
2831
5701
4131
7049
6103
1581
5003
2833
5727
4469
3667
1017
5447
829
3003
161
2095
3909
4163
7465
3735
1901
1387
2481
1151
7189
147
1913
1543
4509
4187
1
15
197
2563
2217
5495
1453
3339
4529
4447
3381
5075
3769
2343
7133
7195
225
2927
6949
4803
233
3031
525
6827
3217
2943
7157
7507
4281
1223
349
4539
4577
5071
3717
1667
6121
1815
269
3499
6609
383
4981
2547
2009
2791
5181
5147
4705
6735
2021
2947
7209
407
5293
6603
305
3967
4917
1715
6745
2151
4637
5851
6081
1295
1285
1155
7241
823
2925
6923
4465
3615
341
4435
3225
3047
733
1755
7265
1135
6981
5219
5641
3351
4685
6475
6417
5663
3637
627
377
4903
1533
4379
2497
1359
2117
4195
105
1367
2221
5547
2129
4351
2133
4403
2809
5415
413
5371
7617
5711
4261
963
4745
7255
1005
5291
6577
7743
7349
2227
5625
3143
1981
2427
449
5839
5925
7043
6025
567
7373
2539
1905
1439
3157
2163
4793
103
1341
1883
1153
7215
485
6307
4233
599
13
171
2225
5599
2805
5363
7513
4359
2237
5755
4833
623
325
4227
521
6775
2541
1931
1777
7551
4853
883
3705
1511
4093
6555
7457
3631
549
7139
7273
1239
557
7243
849
3263
3541
7155
7481
3943
4605
5435
673
975
4901
1507
4041
5879
6445
6027
593
7711
6933
4595
5305
6759
2333
7003
5505
1583
5029
3171
2345
7159
7533
4619
5617
3039
629
403
5241
5927
7069
6363
4961
2287
6405
5507
1609
5367
7565
5035
3249
3359
4789
51
665
871
3549
7259
1057
5967
7589
5347
7305
1655
5965
7563
5009
2911
6741
2099
3961
4839
701
1339
1857
815
2821
5571
2441
631
429
5579
2545
1983
2453
787
2457
839
3133
1851
737
1807
165
2147
4585
5175
5069
3691
1329
1727
6901
4179
7673
6439
5949
7355
2305
6639
773
2275
6249
3479
6349
4779
7697
6751
2229
5651
3481
6375
5117
4315
1665
6095
1477
3651
809
2743
4557
4811
337
4383
2549
2035
3129
1799
61
795
2561
2191
5157
4835
649
663
845
3211
2865
6143
2101
3987
5177
5095
4029
5723
4417
2991
5
67
873
3575
7597
5451
881
3679
1173
7475
3865
3591
29
379
4929
1871
997
5187
5225
5719
4365
2315
6769
2463
917
4147
7257
1031
5629
3195
2657
3439
5829
5795
5353
7383
2669
3595
81
1055
5941
7251
953
4615
5565
2363
7393
2799
5285
6499
6729
1943
1933
1803
113
1471
3573
7571
5113
4263
989
5083
3873
3695
1381
2403
137
1783
7629
5867
6289
3999
5333
7123
7065
6311
4285
1275
1025
5551
2181
5027
3145
2007
2765
4843
753
2015
2869
6195
2777
4999
2781
5051
3457
6063
1061
6019
489
6359
4909
1611
5393
127
1653
5939
7225
615
221
2875
6273
3791
2629
3075
1097
6487
6573
7691
6673
1215
245
3187
2553
2087
3805
2811
5441
751
1989
2531
1801
87
1133
6955
4881
1247
661
819
2873
6247
3453
6011
385
5007
2885
6403
5481
1271
973
4875
1169
7423
3189
2579
2425
423
5501
1531
4353
2159
4741
7203
329
4279
1197
11
145
1887
1205
115
1497
3911
4189
27
353
4591
5253
6083
1321
1623
5549
2155
4689
6527
7093
6675
1241
583
7581
5243
5953
7407
2981
7651
6153
2231
5677
3819
2993
31
405
5267
6265
3687
1277
1051
5889
6575
7717
7011
5609
2935
7053
6155
2257
6015
437
5683
3897
4007
5437
699
1313
1519
4197
131
1705
6615
461
5995
177
2303
6613
435
5657
3559
7389
2747
4609
5487
1349
1987
2505
1463
3469
6219
3089
1279
1077
6227
3193
2631
3101
1435
3105
1487
3781
2499
1385
2455
813
2795
5233
5823
5717
4339
1977
2375
7549
4827
545
7087
6597
227
2953
7287
1421
2923
6897
4127
6997
5427
569
7399
2877
6299
4129
7023
5765
4963
2313
6743
2125
4299
1457
3391
5205
5459
985
5031
3197
2683
3777
2447
709
1443
3209
2839
5805
5483
1297
1311
1493
3859
3513
6791
2749
4635
5825
5743
4677
6371
5065
3639
653
715
1521
4223
469
6099
1529
4327
1821
347
4513
4239
677
1027
5577
2519
1645
5835
5873
6367
5013
2963
7417
3111
1565
4795
129
1679
6277
3843
3305
4087
6477
6443
6001
255
3317
4243
729
1703
6589
123
1601
5263
6213
3011
265
3447
5933
7147
7377
2591
2581
2451
761
2119
4221
443
5761
4911
1637
5731
4521
4343
2029
3051
785
2431
501
6515
6937
4647
5981
7771
7713
6959
4933
1923
1673
6199
2829
5675
3793
2655
3413
5491
1401
2663
3517
6843
3425
5647
3429
5699
4105
6711
1709
6667
1137
7007
5557
2259
6041
775
2301
6587
97
1263
869
3523
6921
4439
3277
3723
1745
7135
7221
563
7321
1863
893
3835
3201
2735
4453
3459
6089
1399
2637
3179
2449
735
1781
7603
5529
1895
1309
1467
3521
6895
4101
6659
1033
5655
3533
7051
6129
1919
1621
5523
1817
295
3837
3227
3073
1071
6149
2179
5001
2807
5389
75
977
4927
1845
659
793
2535
1853
763
2145
4559
4837
675
1001
5239
5901
6731
1969
2271
6197
2803
5337
7175
7741
7323
1889
1231
453
5891
6601
279
3629
523
6801
2879
6325
4467
3641
679
1053
5915
6913
4335
1925
1699
6537
7223
589
7659
6257
3583
7701
6803
2905
6663
1085
6331
4545
4655
6085
1347
1961
2167
4845
779
2353
7263
1109
6643
825
2951
7261
1083
6305
4207
261
3395
5257
6135
1997
2635
3153
2111
4117
6867
3737
1927
1725
6875
3841
3279
3749
2083
3753
2135
4429
3147
2033
3103
1461
3443
5881
6471
6365
4987
2625
3023
421
5475
1193
7735
7245
875
3601
159
2069
3571
7545
4775
7645
6075
1217
271
3525
6947
4777
7671
6413
5611
2961
7391
2773
4947
2105
4039
5853
6107
1633
5679
3845
3331
4425
3095
1357
2091
3857
3487
6453
6131
1945
1959
2141
4507
4161
7439
3397
5283
6473
6391
5325
7019
5713
4287
1301
1363
2169
4871
1117
6747
2177
4975
2469
995
5161
4887
1325
1675
6225
3167
2293
6483
6521
7015
5661
3611
289
3759
2213
5443
777
2327
6925
4491
3953
4735
7125
7091
6649
903
3965
4891
1377
2351
7237
771
2249
5911
6861
3659
913
4095
6581
19
249
3239
3229
3099
1409
2767
4869
1091
6409
5559
2285
6379
5169
4991
2677
3699
1433
3079
1149
7163
7585
5295
6629
643
585
7607
5581
2571
2321
6847
3477
6323
4441
3303
4061
6139
2049
3311
4165
7491
4073
6295
4077
6347
4753
7359
2357
7315
1785
7655
6205
2907
6689
1423
2949
7235
745
1911
1517
4171
7569
5087
3925
4371
2393
7
93
1211
193
2511
1541
4483
3849
3383
5101
4107
6737
